0.676218
0.676218
0.681112
0.728525
0.91967
0.91967
0.91967
0.948719
0.954533
0.954533
0.954533
0.954533
0.954533
0.954533
0.954533
0.954533
0.954533
0.961136
0.961136
0.961136
0.961136
0.961136
0.961136
0.961136
0.961136
0.961136
0.961136
0.961136
0.961136
0.961136
0.961136
0.961136
0.961136
0.961136
0.961136
0.961136
0.961136
0.961136
0.961136
0.961136
0.961136
0.961136
0.961136
0.961136
0.961136
0.961136
0.961136
0.961136
0.961136
0.961136
0.961136
0.961136
0.961136
0.961136
0.961136
0.961136
0.961136
0.961136
0.961136
0.961136
0.961136
0.961136
0.961136
0.961136
0.961136
0.961136
0.961136
0.961136
0.961136
0.961136
0.961136
0.961136
0.961136
0.961136
0.961136
0.961136
0.961136
0.961136
0.961136
0.961136
0.961136
0.961136
0.961136
0.961136
0.961136
0.961136
0.961136
0.961136
0.961136
0.961136
0.961136
0.961136
0.961136
0.961136
0.961136
0.961136
0.961136
0.961136
0.961136
0.961136
